0.052128
0.032710
0.039931
0.041395
0.015717
-0.006559
-0.007320
-0.003529
0.000919
0.010859
0.015880
0.014724
0.020986
0.033676
0.040540
0.043410
0.049080
0.045863
0.023388
0.004531
0.014534
0.038216
0.049243
0.044288
0.027614
0.010675
0.013091
0.027000
0.027642
0.024744
0.040894
0.063547
0.070824
0.069516
0.077929
0.094883
0.101735
0.093993
0.089126
0.089210
0.076983
0.059239
0.056714
0.059153
0.046707
0.026894
0.012522
0.003046
0.001249
0.010561
0.020850
0.024772
0.033094
0.050674
0.055663
0.033067
0.012620
0.029462
0.061253
0.057714
0.018527
-0.008781
0.007136
0.052537
0.088842
0.095098
0.092542
0.104944
0.116913
0.115306
0.123681
0.152219
0.177932
0.190284
0.193352
0.187419
0.186605
0.199402
0.198956
0.176155
0.167907
0.183140
0.181505
0.150213
0.123977
0.124530
0.138107
0.151847
0.172647
0.200269
0.213841
0.205699
0.195805
0.196766
0.202709
0.211460
0.220309
0.219977
0.217581
0.230373
0.248269
0.247004
0.235748
0.242565
0.260285
0.257586
0.234503
0.221347
0.232818
0.252484
0.255255
0.240342
0.235152
0.246814
0.242357
0.211314
0.192156
0.205582
0.223596
0.218173
0.193506
0.172349
0.169015
0.171572
0.159425
0.135607
0.122472
0.131713
0.148600
0.148732
0.135717
0.139134
0.163858
0.183766
0.189620
0.196236
0.209665
0.220561
0.219439
0.207159
0.193475
0.183602
0.173877
0.159059
0.135685
0.112387
0.108811
0.122868
0.130793
0.129200
0.127764
0.117864
0.099775
0.098938
0.119241
0.129174
0.109515
0.079225
0.071115
0.094274
0.127342
0.152693
0.172301
0.181647
0.171211
0.156403
0.157672
0.161318
0.143391
0.112722
0.095209
0.093748
0.091066
0.080874
0.071441
0.064560
0.058459
0.063066
0.080777
0.090278
0.079564
0.063476
0.049959
0.030748
0.006008
-0.017229
-0.029088
-0.009852
0.038090
0.075165
0.087818
0.110300
0.150569
0.171637
0.162695
0.153765
0.156709
0.151039
0.128875
0.109593
0.104329
0.105611
0.117095
0.145881
0.169707
0.163968
0.140725
0.122998
0.117679
0.124515
0.133176
0.127675
0.112855
0.105624
0.107353
0.113580
0.128852
0.153757
0.174203
0.176485
0.169887
0.171498
0.168749
0.142340
0.109789
0.086531
0.054902
0.022442
0.022962
0.039431
0.031457
0.018792
0.037493
0.066081
0.074710
0.081721
0.104924
0.120127
0.108190
0.090078
0.086232
0.085194
0.073744
0.062184
0.062904
0.068334
0.065078
0.057347
0.060451
0.075715
0.086287
0.075355
0.045916
0.024487
0.027805
0.035321
0.032211
0.044275
0.083407
0.114691
0.107175
0.066032
0.025909
0.027737
0.058700
0.060749
0.036343
0.037469
0.053596
0.047035
0.042309
0.068119
0.100373
0.113045
0.103977
0.081576
0.064740
0.058838
0.045190
0.019013
-0.003976
-0.015094
-0.016459
-0.019472
-0.036625
-0.059219
-0.070599
-0.072324
-0.072188
-0.074865
-0.083322
-0.084590
-0.065035
-0.042795
-0.044140
-0.066119
-0.086678
-0.088140
-0.074512
-0.074394
-0.106033
-0.151895
-0.182213
-0.181517
-0.158404
-0.141095
-0.144422
-0.155463
-0.161958
-0.158591
-0.140669
-0.124181
-0.129732
-0.145065
-0.152940
-0.157512
-0.156101
-0.147244
-0.150752
-0.165030
-0.160829
-0.138697
-0.122199
-0.111733
-0.098963
-0.090035
-0.093346
-0.109450
-0.127237
-0.134958
-0.141753
-0.156666
-0.164387
-0.159166
-0.155608
-0.150192
-0.133193
-0.119137
-0.115380
-0.109950
-0.112316
-0.142636
-0.183688
-0.203054
-0.207213
-0.222728
-0.242254
-0.240358
-0.225460
-0.220628
-0.217582
-0.203094
-0.190076
-0.182617
-0.163295
-0.135699
-0.131125
-0.163311
-0.202221
-0.209590
-0.197428
-0.208595
-0.236936
-0.239699
-0.218169
-0.203058
-0.194067
-0.178482
-0.162947
-0.157376
-0.162323
-0.171614
-0.180153
-0.193073
-0.208541
-0.209536
-0.197621
-0.192807
-0.196155
-0.197996
-0.191897
-0.161140
-0.108504
-0.076059
-0.082198
-0.101122
-0.125180
-0.166157
-0.209343
-0.234227
-0.246842
-0.261364
-0.283834
-0.310782
-0.327831
-0.325354
-0.306010
-0.270001
-0.222346
-0.186892
-0.181211
-0.192806
-0.196583
-0.182190
-0.163289
-0.160684
-0.172598
-0.179751
-0.177270
-0.172355
-0.166169
-0.162148
-0.164614
-0.164723
-0.158924
-0.161009
-0.171492
-0.174303
-0.174953
-0.195384
-0.232099
-0.259526
-0.264131
-0.249156
-0.224123
-0.201658
-0.183800
-0.158183
-0.128615
-0.117606
-0.119414
-0.105819
-0.087140
-0.096910
-0.124595
-0.133298
-0.120108
-0.109086
-0.114231
-0.130055
-0.139111
-0.132972
-0.126240
-0.136214
-0.162310
-0.192790
-0.217199
-0.231913
-0.236677
-0.232338
-0.231610
-0.246377
-0.255583
-0.231332
-0.188249
-0.158094
-0.147111
-0.146604
-0.141994
-0.117140
-0.083227
-0.069482
-0.078513
-0.091793
-0.100504
-0.102987
-0.099160
-0.095725
-0.099325
-0.108333
-0.114726
-0.113400
-0.111493
-0.117027
-0.121099
-0.109768
-0.086203
-0.069423
-0.072675
-0.080865
-0.066537
-0.036623
-0.022396
-0.022092
-0.007551
0.025337
0.055379
0.062568
0.046938
0.038807
0.060879
0.083307
0.071633
0.048851
0.049951
0.064049
0.066663
0.059898
0.060107
0.073818
0.081966
0.058111
0.024529
0.038494
0.095818
0.131213
0.126873
0.122652
0.133133
0.145120
0.156573
0.160248
0.146005
0.131732
0.135175
0.141492
0.139648
0.146194
0.168758
0.183915
0.170722
0.148703
0.152229
0.170576
0.164919
0.139195
0.128348
0.139274
0.159586
0.179175
0.181190
0.167211
0.163568
0.162136
0.133832
0.108146
0.128774
0.162737
0.160501
0.137360
0.122923
0.117105
0.117636
0.119858
0.119339
0.136467
0.172852
0.183964
0.161353
0.150702
0.158154
0.149083
0.120180
0.086965
0.054274
0.029649
0.013974
0.003948
0.015213
0.048731
0.073578
0.085050
0.108310
0.139930
0.156220
0.156825
0.160761
0.179863
0.202394
0.210250
0.214137
0.230576
0.241222
0.230061
0.218500
0.225181
0.242004
0.255301
0.255827
0.244343
0.232448
0.225285
0.221427
0.224301
0.235694
0.255183
0.283469
0.311698
0.326035
0.323667
0.311941
0.301951
0.296616
0.284880
0.266078
0.252384
0.238512
0.217754
0.206821
0.214046
0.230664
0.253150
0.267283
0.259473
0.253368
0.262227
0.254099
0.223412
0.205433
0.201923
0.186302
0.158048
0.132254
0.118506
0.122560
0.132968
0.129393
0.122481
0.142764
0.179783
0.188581
0.170914
0.173469
0.192110
0.180671
0.148322
0.135339
0.136546
0.135206
0.134385
0.126391
0.109493
0.100851
0.097163
0.088908
0.090280
0.104273
0.115261
0.119242
0.119622
0.125398
0.142150
0.145230
0.124970
0.122304
0.150205
0.173283
0.182934
0.185582
0.172447
0.156859
0.145092
0.110937
0.075944
0.090701
0.128221
0.138277
0.135518
0.136545
0.123819
0.101003
0.092569
0.111282
0.154059
0.193386
0.199405
0.185375
0.185496
0.201148
0.206047
0.189927
0.176569
0.183287
0.177354
0.125359
0.062432
0.043964
0.068153
0.101179
0.125725
0.133552
0.121068
0.101503
0.087856
0.076197
0.067218
0.074735
0.093344
0.095029
0.072531
0.048283
0.039728
0.045126
0.050517
0.044926
0.043135
0.064064
0.086102
0.081902
0.075885
0.098446
0.118039
0.085641
0.021596
-0.007180
0.007735
0.015349
0.011354
0.028452
0.040045
0.014715
-0.000972
0.023642
0.048319
0.057558
0.066138
0.056828
0.028970
0.019567
0.030479
0.037836
0.043349
0.044081
0.024416
-0.000148
-0.001938
0.014654
0.028535
0.030105
0.022906
0.016881
0.017751
0.022929
0.028080
0.026509
0.011520
-0.010933
-0.029841
-0.045747
-0.056139
-0.047674
-0.029499
-0.033589
-0.063607
-0.092993
-0.106807
-0.101477
-0.081345
-0.069141
-0.067003
-0.050941
-0.038182
-0.054579
-0.056078
-0.014465
0.014685
0.008977
0.009280
0.010898
-0.015337
-0.047288
-0.057704
-0.049252
-0.031739
-0.028081
-0.053935
-0.084951
-0.093451
-0.079099
-0.057329
-0.051530
-0.064888
-0.076276
-0.089075
-0.114590
-0.128223
-0.118206
-0.109469
-0.109298
-0.106749
-0.100610
-0.090180
-0.079785
-0.073375
-0.056538
-0.030068
-0.019819
-0.027876
-0.036009
-0.041766
-0.051964
-0.067645
-0.074545
-0.061144
-0.061840
-0.107643
-0.150987
-0.145808
-0.123773
-0.107905
-0.075636
-0.037657
-0.033473
-0.060486
-0.079275
-0.067866
-0.041204
-0.019828
-0.004492
0.000769
-0.016147
-0.044706
-0.061672
-0.054152
-0.020715
0.010261
0.003302
-0.021619
-0.027359
-0.026605
-0.031352
-0.017609
0.016626
0.043880
0.051700
0.045050
0.031184
0.011562
-0.010066
-0.009310
0.015469
0.011019
-0.034324
-0.053371
-0.029932
-0.023197
-0.043951
-0.053317
-0.046936
-0.040292
-0.033387
-0.025026
-0.019569
-0.026120
-0.047901
-0.067466
-0.073303
-0.072683
-0.065474
-0.061679
-0.085873
-0.119930
-0.124887
-0.111385
-0.102239
-0.084649
-0.048485
-0.014416
-0.019128
-0.067337
-0.095544
-0.061363
-0.019660
-0.010071
-0.002402
-0.003791
-0.038308
-0.064229
-0.058440
-0.056457
-0.060235
-0.052620
-0.054658
-0.073407
-0.084244
-0.081236
-0.073999
-0.066732
-0.058111
-0.039002
-0.020023
-0.035769
-0.072370
-0.065469
-0.010132
0.026533
0.014805
-0.015344
-0.044221
-0.071358
-0.088721
-0.092185
-0.082608
-0.057327
-0.028419
-0.011819
0.002964
0.028230
0.051212
0.056932
0.047330
0.039125
0.043927
0.043462
0.022014
0.004779
0.011522
0.024592
0.030471
0.030738
0.025627
0.019669
0.012707
0.002561
0.003215
0.012029
-0.000039
-0.026021
-0.029283
-0.021600
-0.047241
-0.095252
-0.105201
-0.063408
-0.022914
-0.017154
-0.031727
-0.054064
-0.070478
-0.060143
-0.040206
-0.039297
-0.042975
-0.043178
-0.065542
-0.098569
-0.094429
-0.057667
-0.042486
-0.060939
-0.078916
-0.091208
-0.107451
-0.113778
-0.126931
-0.165404
-0.168981
-0.125682
-0.134388
-0.186316
-0.167010
-0.112888
-0.133443
-0.180413
-0.158356
-0.100657
-0.092263
-0.130066
-0.139321
-0.114506
-0.122154
-0.145024
-0.127760
-0.108578
-0.105599
-0.089412
-0.112513
-0.171841
-0.144701
-0.073017
-0.112487
-0.191726
-0.164733
-0.111181
-0.140614
-0.180017
-0.161496
-0.152695
-0.185761
-0.188877
-0.159923
-0.170415
-0.187561
-0.158788
-0.155837
-0.190602
-0.154196
-0.068820
-0.055067
-0.085190
-0.072552
-0.046023
-0.054251
-0.079177
-0.103260
-0.124625
-0.119517
-0.093417
-0.109054
-0.156617
-0.139466
-0.091420
-0.134651
-0.197861
-0.155611
-0.111616
-0.171192
-0.226727
-0.208085
-0.197288
-0.230018
-0.254831
-0.252133
-0.254074
-0.273237
-0.273498
-0.243294
-0.221167
-0.212721
-0.204776
-0.213868
-0.215421
-0.175731
-0.146246
-0.151676
-0.133909
-0.100446
-0.119119
-0.182277
-0.215941
-0.171904
-0.104863
-0.126304
-0.207903
-0.212335
-0.159170
-0.168436
-0.202397
-0.156692
-0.073083
-0.054503
-0.093066
-0.103929
-0.070742
-0.052457
-0.059139
-0.059698
-0.070704
-0.093649
-0.094769
-0.107229
-0.149615
-0.140029
-0.079265
-0.076729
-0.122865
-0.126082
-0.096151
-0.080425
-0.086355
-0.117218
-0.143415
-0.133867
-0.135050
-0.170865
-0.181380
-0.159326
-0.163379
-0.190967
-0.194266
-0.170983
-0.155732
-0.154923
-0.138735
-0.120948
-0.148319
-0.170313
-0.120062
-0.087657
-0.140649
-0.156621
-0.085212
-0.065286
-0.130793
-0.139970
-0.050859
0.001755
-0.061176
-0.127017
-0.081087
-0.001977
-0.014110
-0.088837
-0.128207
-0.104188
-0.074465
-0.114677
-0.180693
-0.151257
-0.071475
-0.084305
-0.138374
-0.092880
-0.005614
-0.028127
-0.128068
-0.145509
-0.081449
-0.083927
-0.138668
-0.114921
-0.072009
-0.106713
-0.111242
-0.045381
-0.050323
-0.106418
-0.061247
0.020551
-0.020808
-0.111020
-0.091383
-0.033048
-0.079397
-0.139958
-0.093893
-0.061363
-0.110396
-0.088902
-0.005949
-0.025326
-0.055353
0.045782
0.116199
0.054729
0.045603
0.113564
0.072901
-0.016911
0.027972
0.108628
0.082144
0.043605
0.049683
0.032896
0.034458
0.092173
0.110187
0.067819
0.038022
0.035893
0.056606
0.070641
0.027589
-0.003196
0.053880
0.102029
0.055659
-0.012395
0.016580
0.152665
0.206714
0.080307
0.048510
0.214780
0.215968
0.031189
0.068566
0.239879
0.183108
0.062949
0.112133
0.149204
0.094458
0.094552
0.114790
0.068367
0.044797
0.076410
0.067287
0.024313
0.029787
0.055707
0.039317
0.011787
0.010299
0.015345
0.020202
0.031943
0.040602
0.044400
0.056691
0.103390
0.177613
0.200971
0.172772
0.199690
0.239345
0.182679
0.150330
0.237869
0.276422
0.200296
0.160797
0.188798
0.201283
0.197711
0.206917
0.224395
0.226064
0.200937
0.208958
0.276757
0.299605
0.225396
0.143556
0.121854
0.163766
0.234499
0.239930
0.162773
0.139093
0.221890
0.268070
0.212046
0.202840
0.296306
0.306655
0.185029
0.154109
0.259580
0.285376
0.194711
0.154453
0.220544
0.319523
0.339893
0.232906
0.153352
0.229596
0.296257
0.229064
0.182905
0.225895
0.226600
0.160133
0.110062
0.101250
0.132901
0.175178
0.156140
0.092286
0.078859
0.124938
0.151132
0.112428
0.064590
0.097684
0.159008
0.108991
0.022685
0.081210
0.191848
0.183193
0.155997
0.210375
0.236781
0.212269
0.213669
0.188804
0.129557
0.159149
0.224956
0.159669
0.046036
0.058910
0.123555
0.108991
0.086069
0.135397
0.188803
0.185181
0.143028
0.092451
0.079645
0.121589
0.142057
0.101409
0.081340
0.127818
0.168199
0.144815
0.116549
0.166539
0.244917
0.241190
0.194796
0.205805
0.235337
0.221749
0.190330
0.161550
0.159145
0.192419
0.183143
0.131851
0.149302
0.195570
0.172795
0.161587
0.209856
0.221124
0.191542
0.180445
0.160259
0.131186
0.136459
0.136025
0.090636
0.061702
0.093312
0.125277
0.102874
0.078414
0.112160
0.150953
0.128202
0.092767
0.115867
0.158937
0.137305
0.070749
0.056955
0.095576
0.106618
0.102383
0.131705
0.159945
0.161316
0.152711
0.131675
0.129099
0.173553
0.190745
0.133041
0.080599
0.099261
0.151397
0.156684
0.099043
0.075790
0.135816
0.169611
0.121492
0.090220
0.121745
0.144295
0.111918
0.066799
0.070578
0.099266
0.073805
0.008552
-0.009471
0.044436
0.115322
0.119520
0.059303
0.066468
0.160761
0.178738
0.105521
0.098554
0.160203
0.172223
0.123297
0.074185
0.068359
0.106236
0.129573
0.106720
0.082728
0.089619
0.107365
0.107206
0.088581
0.085780
0.099528
0.078797
0.031069
0.016176
0.028322
0.031760
0.033857
0.032205
0.008282
-0.013341
-0.004486
0.009007
0.004494
0.008265
0.027934
0.032278
0.027565
0.038793
0.042225
0.019455
-0.007135
-0.021041
-0.008226
0.020094
0.007766
-0.032696
-0.031184
-0.014856
-0.031945
-0.043237
-0.043249
-0.063370
-0.077139
-0.086532
-0.117975
-0.121766
-0.088131
-0.086618
-0.101305
-0.085161
-0.084529
-0.111919
-0.110829
-0.097274
-0.109276
-0.106792
-0.077575
-0.073964
-0.089797
-0.082353
-0.076950
-0.098978
-0.109856
-0.096788
-0.094603
-0.111380
-0.124438
-0.113003
-0.095301
-0.125128
-0.170031
-0.136307
-0.082009
-0.121049
-0.183438
-0.178815
-0.157429
-0.147259
-0.140344
-0.158950
-0.146956
-0.065630
-0.037861
-0.110782
-0.148652
-0.107295
-0.085991
-0.122913
-0.161260
-0.148005
-0.107417
-0.118843
-0.178248
-0.187257
-0.130458
-0.099959
-0.128261
-0.149882
-0.126094
-0.091993
-0.083525
-0.105927
-0.147395
-0.163921
-0.133935
-0.126136
-0.183850
-0.231753
-0.212910
-0.178414
-0.188340
-0.223754
-0.216769
-0.175773
-0.199733
-0.277925
-0.279638
-0.208336
-0.186364
-0.230667
-0.265859
-0.242629
-0.187097
-0.191116
-0.258617
-0.266165
-0.193796
-0.155741
-0.183165
-0.212167
-0.209847
-0.202004
-0.228417
-0.256632
-0.223029
-0.180290
-0.201320
-0.225765
-0.200703
-0.179390
-0.194352
-0.208598
-0.177532
-0.119918
-0.125294
-0.198195
-0.221879
-0.178915
-0.165413
-0.190755
-0.197999
-0.172301
-0.128474
-0.102277
-0.107914
-0.101229
-0.075293
-0.074641
-0.091468
-0.092650
-0.081919
-0.071313
-0.081434
-0.125271
-0.161481
-0.154406
-0.129531
-0.114727
-0.111681
-0.116912
-0.115120
-0.097390
-0.091166
-0.120112
-0.154333
-0.155559
-0.149722
-0.179421
-0.216181
-0.215836
-0.199226
-0.195925
-0.198197
-0.199789
-0.196231
-0.177971
-0.164399
-0.181055
-0.205247
-0.198173
-0.180172
-0.209481
-0.271442
-0.282140
-0.238924
-0.226941
-0.254843
-0.253195
-0.214111
-0.184353
-0.177202
-0.178800
-0.182002
-0.183023
-0.178328
-0.171875
-0.176356
-0.192669
-0.194640
-0.168683
-0.151033
-0.173002
-0.193882
-0.158320
-0.097561
-0.086159
-0.121269
-0.137827
-0.113411
-0.085194
-0.088156
-0.107544
-0.101982
-0.077368
-0.078085
-0.103646
-0.116118
-0.097409
-0.055417
-0.026285
-0.034171
-0.035020
0.000042
0.020165
0.008090
0.011013
0.034721
0.050803
0.054579
0.043974
0.021637
0.012894
0.031424
0.055521
0.053085
0.031413
0.035527
0.062555
0.057396
0.023425
0.019675
0.049594
0.056236
0.017945
-0.010837
0.015832
0.052517
0.047601
0.034886
0.048669
0.063814
0.060046
0.051383
0.066460
0.101672
0.098594
0.056613
0.060086
0.103171
0.098903
0.057663
0.046768
0.077708
0.119845
0.124785
0.094840
0.098512
0.120293
0.083768
0.032666
0.044633
0.079770
0.075470
0.043424
0.033917
0.060300
0.067701
0.043196
0.056308
0.101143
0.112365
0.117653
0.155491
0.192627
0.207242
0.192891
0.162713
0.172253
0.206768
0.199179
0.179356
0.190488
0.198304
0.192281
0.179655
0.146315
0.121687
0.126102
0.120438
0.100879
0.091495
0.087917
0.101385
0.131901
0.135965
0.111763
0.102096
0.118215
0.140954
0.144830
0.125843
0.112150
0.109529
0.106692
0.115073
0.123038
0.114670
0.124872
0.154165
0.156748
0.153574
0.180940
0.204876
0.207285
0.215800
0.227278
0.216720
0.190530
0.183114
0.205285
0.215301
0.192191
0.176638
0.175992
0.155873
0.135013
0.146916
0.172032
0.183733
0.172795
0.148075
0.145025
0.159727
0.145617
0.117841
0.116373
0.116963
0.112365
0.135517
0.155390
0.135250
0.129319
0.166584
0.181353
0.147271
0.125410
0.146566
0.163265
0.144229
0.138525
0.177690
0.196670
0.171261
0.184791
0.235303
0.224560
0.188006
0.223798
0.271987
0.247489
0.201081
0.186760
0.190126
0.203532
0.220772
0.225064
0.215826
0.194497
0.172010
0.172396
0.187444
0.197336
0.208439
0.212748
0.193011
0.168855
0.164408
0.174460
0.184449
0.190461
0.205976
0.227927
0.222725
0.205506
0.233059
0.279650
0.276605
0.246977
0.246697
0.260635
0.257438
0.241649
0.218107
0.190973
0.177136
0.163837
0.125241
0.108648
0.165351
0.209469
0.146561
0.061044
0.064757
0.112649
0.114400
0.065020
0.028031
0.060415
0.112942
0.090228
0.036834
0.056457
0.112024
0.123304
0.112395
0.125043
0.149414
0.140187
0.088810
0.063988
0.099354
0.121167
0.098882
0.086112
0.083444
0.070246
0.069935
0.060591
0.018033
0.018613
0.090081
0.119169
0.060931
0.022165
0.055584
0.086104
0.070510
0.051277
0.058656
0.085186
0.116686
0.129765
0.119828
0.115911
0.121836
0.113261
0.094239
0.086357
0.095462
0.103604
0.077931
0.034147
0.034154
0.068578
0.076635
0.073225
0.100437
0.133021
0.131681
0.100768
0.076564
0.081037
0.074696
0.024868
-0.017239
-0.015533
-0.009367
-0.015937
-0.014597
-0.005382
-0.001395
-0.017136
-0.046235
-0.050345
-0.032316
-0.028398
-0.025970
-0.018216
-0.024848
-0.010374
0.027161
0.004518
-0.054352
-0.035784
0.029437
0.039577
0.017587
0.025480
0.040401
0.015150
-0.025746
-0.008573
0.044397
0.012868
-0.087740
-0.107128
-0.049606
-0.048905
-0.102420
-0.121010
-0.105446
-0.098072
-0.110364
-0.135421
-0.146289
-0.132499
-0.130820
-0.157566
-0.175837
-0.153758
-0.096937
-0.043076
-0.033401
-0.054204
-0.050405
-0.020790
-0.018097
-0.040779
-0.029346
0.012159
0.012770
-0.029052
-0.039387
-0.001702
0.024278
-0.005127
-0.066172
-0.083084
-0.028121
0.009337
-0.035196
-0.079646
-0.045267
0.013219
0.014006
-0.036617
-0.068818
-0.051857
-0.035470
-0.042010
-0.025779
0.002622
-0.010016
-0.045121
-0.066774
-0.063663
-0.023638
-0.004556
-0.057258
-0.077953
-0.016384
-0.007591
-0.075134
-0.092790
-0.071064
-0.087754
-0.097675
-0.059653
-0.023870
-0.029730
-0.062860
-0.078304
-0.055227
-0.035456
-0.047288
-0.064876
-0.071225
-0.065023
-0.057604
-0.084785
-0.134188
-0.148501
-0.131741
-0.116376
-0.097037
-0.081191
-0.079936
-0.075227
-0.080141
-0.116362
-0.139045
-0.107953
-0.062724
-0.054906
-0.077831
-0.098917
-0.116389
-0.128639
-0.094245
-0.023120
-0.002743
-0.036670
-0.042873
-0.025509
-0.026147
-0.009227
0.034191
0.043643
0.008863
-0.018714
-0.007358
0.019990
0.007889
-0.043206
-0.061862
-0.037960
-0.044296
-0.097690
-0.135886
-0.126060
-0.106766
-0.118016
-0.128854
-0.093848
-0.050763
-0.059684
-0.102140
-0.122320
-0.100435
-0.071527
-0.085119
-0.111925
-0.088738
-0.061302
-0.089137
-0.105699
-0.069991
-0.050929
-0.060001
-0.043379
-0.020210
-0.046262
-0.112311
-0.150459
-0.120068
-0.086753
-0.129223
-0.188610
-0.178915
-0.147319
-0.161782
-0.196158
-0.207198
-0.188885
-0.159362
-0.146342
-0.151302
-0.162240
-0.187567
-0.213533
-0.209050
